[0.159, -0.114]
[0.074, 0.053]
[0.0, 0.043]
[-0.043, 0.0]
[-0.087, 0.13]
[-0.087, 0.043]
[0.011, 0.033]
[0.043, 0.0]
[0.032, -0.032]
[0.032, 0.011]
[-0.011, 0.053]
[0.01, 0.071]
[0.081, 0.105]
[0.174, 0.058]
[0.128, 0.012]
[0.081, 0.058]
[0.023, 0.068]
[0.0, 0.0]
[0.035, 0.012]
[-0.023, 0.023]
[0.035, 0.012]
[-0.023, 0.023]
[-0.023, 0.023]
[0.0, 0.043]
[-0.033, -0.011]
[0.0, 0.043]
[0.0, 0.043]
[-0.033, 0.033]
[-0.033, 0.033]
[0.043, 0.0]
[0.011, 0.078]
[-0.033, 0.033]
[-0.043, 0.043]
[0.011, 0.033]
[0.043, 0.043]
[0.056, 0.033]
[0.023, 0.023]
[0.043, 0.043]
[-0.033, 0.033]
[0.043, 0.0]
[0.011, 0.078]
[0.068, -0.023]
[0.056, 0.033]
[0.011, 0.033]
[0.023, -0.023]
[0.011, 0.033]
[0.056, -0.011]
[0.023, 0.023]
[0.056, -0.056]
[0.023, 0.023]
[0.043, 0.0]
[0.1, -0.011]
[0.068, -0.023]
[0.0, 0.0]
[0.023, -0.023]
[0.068, -0.023]
[0.043, 0.0]
[0.056, -0.056]
[0.1, -0.056]
[0.023, -0.023]
[-0.033, 0.078]
[0.0, 0.0]
[-0.023, 0.023]
[0.011, 0.033]
[-0.033, 0.033]
[-0.033, -0.011]
[-0.068, 0.068]
[0.023, 0.023]
[0.011, 0.033]
[-0.033, 0.033]
[-0.023, 0.023]
[-0.023, 0.023]
[-0.043, 0.043]
[-0.033, 0.033]
[-0.043, 0.0]
[-0.033, 0.078]
[-0.023, 0.068]
[-0.033, -0.011]
[-0.023, 0.068]
[-0.023, 0.068]
[-0.023, 0.023]
[-0.023, 0.023]
[0.023, 0.023]
[-0.023, -0.023]
[-0.033, 0.078]
[-0.023, -0.023]
[0.023, 0.023]
[0.081, -0.035]
[0.068, 0.023]
[0.068, 0.023]
[0.056, 0.033]
[0.114, 0.023]
[0.1, -0.011]
[0.056, 0.033]
[0.023, -0.023]
[-0.023, 0.023]
[0.011, 0.033]
[0.011, 0.033]
[-0.033, 0.078]
[-0.078, 0.033]
[-0.012, 0.058]
[-0.023, 0.023]
[0.011, 0.078]
[-0.033, -0.011]
[-0.043, 0.043]
[-0.078, 0.078]
[-0.033, 0.033]
[0.0, 0.0]
[0.023, 0.068]
[-0.078, 0.078]
[-0.033, 0.078]
[-0.068, 0.068]
[-0.033, 0.033]
[-0.033, 0.033]
[0.011, 0.033]
[0.023, 0.023]
[0.0, 0.043]
[0.023, 0.068]
[-0.023, 0.023]
[-0.033, 0.033]
[-0.033, 0.033]
[0.0, 0.087]
[-0.033, 0.033]
[-0.023, 0.023]
[-0.033, 0.122]
[-0.033, 0.033]
[-0.078, 0.078]
[-0.043, 0.087]
[0.0, 0.043]
[-0.068, 0.068]
[0.0, 0.043]
[-0.033, 0.078]
[-0.033, 0.033]
[-0.033, 0.033]
[-0.033, 0.078]
[-0.078, 0.078]
[-0.043, 0.043]
[-0.043, 0.043]
[-0.011, 0.053]
[-0.078, 0.033]
[-0.033, 0.033]
[-0.033, 0.033]
[0.011, 0.033]
[0.0, 0.043]
[-0.043, 0.043]
[-0.043, 0.087]
[-0.011, 0.011]
[0.0, 0.0]
[0.0, 0.087]
[-0.043, 0.087]
[0.011, 0.078]
[-0.033, 0.033]
[-0.033, 0.078]
[0.0, 0.087]
[-0.011, 0.096]
[-0.033, 0.078]
[-0.011, 0.011]
[0.0, 0.13]
[0.011, 0.078]
[0.032, 0.096]
[-0.011, 0.096]
[0.0, 0.13]
[0.0, 0.087]
[-0.011, 0.053]
[0.0, 0.087]
[0.023, 0.341]
[-0.033, -0.011]
[0.0, 0.043]
[-0.033, 0.033]
[-0.043, 0.087]
[-0.011, 0.096]
[-0.011, 0.096]
[-0.011, 0.096]
[-0.043, 0.043]
[-0.043, 0.087]
[-0.011, 0.011]
[-0.021, 0.021]
[-0.011, 0.011]
[0.0, 0.043]
[0.0, 0.043]
[0.032, 0.053]
[0.0, 0.043]
[0.0, 0.0]
[0.0, 0.0]
[0.087, 0.043]
[-0.053, 0.011]
[0.0, 0.087]
[-0.043, 0.0]
[-0.043, 0.043]
[-0.033, 0.122]
[0.0, 0.087]
[0.011, 0.078]
[0.0, 0.13]
[0.011, 0.078]
[-0.033, 0.078]
[0.0, 0.087]
[0.011, 0.033]
[0.1, 0.033]
[0.056, 0.122]
[0.087, 0.087]
[0.056, 0.078]
[0.1, 0.033]
[0.114, 0.068]
[0.1, -0.011]
[0.068, 0.023]
[0.056, 0.033]
[0.068, 0.114]
[0.056, 0.078]
[0.117, 0.011]
[0.068, 0.023]
[0.114, 0.023]
[0.043, 0.0]
[0.011, 0.033]
[0.068, 0.068]
[-0.048, 0.0]
[-0.023, 0.068]
[-0.033, 0.078]
[-0.068, 0.068]
[0.023, 0.023]
[0.056, 0.033]
[0.023, 0.023]
[0.056, 0.033]
[0.043, 0.043]
[0.081, 0.058]
[0.056, 0.033]
[0.056, 0.078]
[0.056, -0.011]
[0.068, 0.068]
[0.1, 0.078]
[0.13, 0.0]
[0.25, -0.023]
[0.159, 0.023]
[0.1, -0.011]
[0.068, -0.023]
[0.056, -0.011]
[0.068, -0.023]
[0.1, -0.011]
[0.068, 0.068]
[0.056, 0.033]
[0.056, -0.011]
[0.068, 0.023]
[0.068, 0.023]
[0.056, -0.011]
[0.068, 0.023]
[-0.033, 0.033]
[-0.033, 0.078]
[-0.043, 0.043]
[-0.078, 0.033]
[-0.087, 0.087]
[-0.181, 0.096]
[-0.174, 0.087]
[-0.188, 0.104]
[-0.217, 0.13]
[-0.223, 0.096]
[-0.261, 0.087]
[-0.217, 0.087]
[-0.261, 0.087]
[-0.174, 0.043]
[-0.023, 0.023]
[0.023, 0.023]
[-0.033, 0.122]
[0.023, 0.068]
[-0.023, 0.114]
[-0.023, 0.068]
[-0.033, 0.078]
[-0.033, 0.033]
[-0.033, 0.078]
[-0.033, 0.078]
[-0.012, 0.058]
[0.056, 0.078]
[0.159, -0.023]
[0.0, 0.0]
[-0.023, 0.114]
[0.023, 0.068]
[0.011, -0.011]
[-0.078, 0.078]
[-0.043, 0.087]
[-0.023, 0.068]
[-0.023, 0.023]
[0.0, 0.043]
[-0.011, 0.011]
[-0.023, 0.068]
[0.159, 0.114]
[0.023, 0.068]
[-0.043, 0.0]
[-0.068, 0.068]
[-0.033, 0.033]
[-0.043, 0.043]
[-0.033, 0.033]
[-0.043, 0.043]
[-0.033, 0.078]
[-0.033, -0.011]
[0.0, 0.043]
[0.011, 0.033]
[0.011, -0.011]
[-0.033, 0.033]
[0.0, 0.0]
[-0.023, 0.068]
[-0.043, 0.0]
[-0.033, 0.033]
[0.011, 0.033]
[-0.012, 0.058]
[-0.012, 0.058]
[-0.012, 0.105]
[-0.012, 0.058]
[-0.033, 0.033]
[-0.012, 0.105]
[-0.012, 0.105]
[-0.023, 0.068]
[0.128, 0.012]
[0.068, 0.068]
[0.068, 0.023]
[0.128, -0.035]
[0.035, 0.012]
[0.048, 0.048]
[0.0, 0.048]
[0.012, 0.037]
[0.0, 0.048]
[0.0, 0.048]
[0.0, 0.0]
[0.0, 0.0]
[-0.037, 0.085]
[0.0, 0.048]
[-0.048, 0.048]
[-0.048, 0.0]
[-0.048, 0.048]
[-0.048, 0.0]
[-0.012, 0.058]
[-0.012, 0.105]
[-0.012, 0.058]
[-0.048, 0.048]
[0.0, 0.095]
[-0.012, 0.058]
[0.0, 0.048]
[0.0, 0.095]
[0.048, 0.095]
[-0.033, 0.078]
[-0.033, 0.078]
[-0.023, 0.114]
[-0.012, 0.058]
[-0.012, 0.105]
[-0.048, 0.095]
[-0.023, 0.068]
[0.023, 0.114]
[-0.012, 0.058]
[0.035, 0.105]
[-0.023, 0.068]
[-0.012, 0.058]
[0.035, 0.058]
[0.068, 0.114]
[0.0, 0.048]
[0.095, 0.143]
[0.125, 0.075]
[0.095, 0.286]
[0.125, 0.125]
[0.048, 0.095]
[0.081, 0.105]
[0.035, 0.058]
[0.048, 0.095]
[0.061, 0.037]
[0.035, 0.058]
[0.056, 0.078]
[0.023, 0.068]
[0.128, 0.105]
[0.11, 0.037]
[0.081, 0.058]
[0.095, 0.048]
[0.095, 0.048]
[0.061, 0.037]
[0.0, 0.048]
[-0.012, 0.012]
[-0.012, 0.012]
[0.0, 0.048]
[-0.012, 0.105]
[-0.023, 0.114]
[-0.058, 0.058]
[-0.012, 0.058]
[-0.058, 0.058]
[-0.023, 0.068]
[-0.023, 0.068]
[-0.048, 0.048]
[-0.058, 0.058]
[-0.012, 0.058]
[-0.048, 0.095]
[-0.023, 0.023]
[-0.095, 0.048]
[-0.058, 0.058]
[-0.058, 0.105]
[-0.048, 0.048]
[-0.048, 0.048]
[-0.048, 0.095]
[-0.095, 0.048]
[-0.058, 0.058]
[-0.068, 0.023]
[-0.023, 0.068]
[-0.048, 0.095]
[-0.058, 0.058]
[-0.068, 0.068]
[-0.058, 0.058]
[-0.048, 0.048]
[-0.058, 0.105]
[-0.058, 0.105]
[-0.058, 0.058]
[0.023, 0.023]
[-0.012, 0.058]
[-0.012, 0.105]
[0.0, 0.048]
[-0.012, 0.058]
[0.035, 0.105]
[-0.068, 0.023]
[-0.023, 0.114]
[-0.033, 0.078]
[0.023, 0.114]
[-0.012, 0.105]
[-0.033, 0.167]
[-0.033, 0.122]
[-0.023, 0.114]
[-0.023, 0.114]
[-0.033, 0.078]
[-0.033, 0.167]
[0.0, 0.13]
[0.0, 0.087]
[-0.043, 0.13]
[-0.043, 0.087]
[-0.033, 0.078]
[0.011, 0.078]
[-0.053, 0.138]
[-0.043, 0.087]
[-0.062, 0.146]
[-0.043, 0.13]
[-0.043, 0.13]
[0.032, 0.096]
[0.087, -0.043]
[-0.033, 0.078]
[0.011, 0.033]
[0.032, -0.032]
[0.043, 0.0]
[-0.043, -0.043]
[-0.053, -0.032]
[0.0, 0.043]
[-0.033, -0.011]
[0.0, 0.0]
[-0.033, -0.011]
[-0.043, 0.0]
[0.043, 0.043]
[-0.053, -0.032]
[0.011, 0.033]
[-0.011, 0.011]
[-0.078, 0.033]
[-0.043, 0.043]
[-0.043, 0.043]
[-0.087, 0.043]
[-0.078, 0.033]
[-0.043, 0.043]
[-0.043, 0.043]
[-0.043, 0.043]
[-0.096, 0.053]
[-0.068, 0.068]
[-0.033, 0.033]
[-0.043, 0.043]
[-0.043, 0.043]
[-0.043, 0.0]
[-0.043, 0.043]
[-0.087, 0.043]
[-0.087, 0.043]
[-0.087, 0.043]
[-0.087, 0.043]
[-0.087, 0.043]
[-0.087, 0.043]
[-0.096, 0.053]
[-0.078, -0.011]
[-0.033, 0.078]
[-0.043, 0.043]
[-0.043, 0.043]
[-0.087, 0.043]
[-0.033, 0.078]
[-0.043, 0.043]
[-0.043, 0.043]
[-0.043, 0.043]
[-0.087, 0.043]
[-0.043, 0.0]
[-0.087, 0.043]
[-0.13, 0.043]
[-0.122, 0.078]
[-0.087, 0.0]
[-0.078, -0.011]
[-0.033, -0.011]
[-0.078, -0.011]
[-0.13, 0.043]
[-0.138, 0.053]
[-0.087, 0.043]
[-0.078, 0.033]
[0.011, 0.078]
[-0.023, 0.114]
[-0.023, 0.159]
[-0.023, 0.068]
[-0.033, 0.078]
[-0.033, 0.078]
[-0.023, 0.068]
[-0.043, 0.087]
[0.0, 0.087]
[-0.033, 0.122]
[-0.033, 0.122]
[-0.023, 0.068]
[-0.033, 0.078]
[0.023, 0.068]
[0.0, 0.087]
[0.023, 0.114]
[-0.068, 0.068]
[0.087, 0.087]
[0.081, 0.058]
[0.056, 0.078]
[0.095, 0.048]
[0.068, 0.159]
[0.068, 0.068]
[0.114, 0.068]
[0.159, 0.023]
[0.081, 0.058]
[-0.058, 0.012]
[0.081, 0.058]
[0.081, 0.105]
[0.032, 0.138]
[0.081, 0.105]
[-0.023, 0.068]
[-0.023, 0.068]
[-0.012, 0.105]
[-0.023, 0.068]
[-0.068, 0.068]
[-0.033, 0.078]
[-0.068, 0.023]
[-0.068, 0.114]
[-0.012, 0.058]
[-0.012, 0.105]
[-0.095, 0.095]
[-0.012, 0.105]
[-0.058, 0.105]
[-0.058, 0.058]
[-0.023, 0.068]
[-0.068, 0.068]
[-0.012, 0.105]
[-0.023, 0.068]
[-0.023, 0.068]
[-0.023, 0.068]
[0.023, 0.114]
[0.035, 0.058]
[-0.068, 0.068]
[-0.058, 0.058]
[-0.033, 0.122]
[-0.023, 0.068]
[-0.023, 0.068]
[-0.033, 0.078]
[-0.033, 0.078]
[-0.023, 0.068]
[-0.068, 0.068]
[-0.033, 0.078]
[-0.012, 0.105]
[-0.105, 0.058]
[-0.033, 0.078]
[-0.023, 0.023]
[0.035, 0.012]
[0.068, 0.023]
[0.081, 0.105]
[0.081, 0.058]
[0.035, 0.058]
[0.023, 0.114]
[0.011, 0.033]
[0.023, 0.114]
[-0.023, 0.114]
[-0.023, 0.114]
[-0.068, 0.114]
[-0.068, 0.068]
[-0.033, 0.078]
[-0.023, 0.068]
[-0.033, 0.078]
[-0.033, 0.033]
[0.011, 0.122]
[-0.023, 0.068]
[-0.033, 0.078]
[-0.012, 0.058]
[-0.012, 0.012]
[-0.023, 0.068]
[-0.023, 0.068]
[-0.033, 0.078]
[-0.023, 0.068]
[-0.058, 0.105]
[-0.023, 0.068]
[-0.078, 0.078]
[-0.058, 0.058]
[-0.068, 0.068]
[-0.068, 0.068]
[-0.033, 0.122]
[-0.023, 0.068]
[-0.023, 0.068]
[-0.058, 0.058]
[-0.023, 0.068]
[-0.058, 0.105]
[-0.068, 0.114]
[-0.068, 0.114]
[-0.023, 0.068]
[-0.058, 0.058]
[-0.068, 0.068]
[-0.023, 0.068]
[-0.023, 0.068]
[0.035, 0.058]
[-0.068, 0.114]
[0.023, 0.114]
[-0.023, 0.068]
[-0.068, 0.114]
[-0.105, 0.058]
[-0.012, 0.105]
[-0.048, 0.095]
[-0.095, 0.143]
[-0.048, 0.095]
[-0.085, 0.134]
[-0.048, 0.048]
[-0.095, 0.095]
[-0.151, 0.012]
[-0.095, 0.095]
[-0.095, 0.095]
[-0.085, 0.134]
[-0.095, 0.095]
[-0.095, 0.143]
[-0.105, 0.105]
[-0.095, 0.095]
[-0.095, 0.095]
[-0.105, 0.105]
[-0.037, 0.085]
[-0.037, 0.085]
[-0.095, 0.095]
[-0.105, 0.105]
[-0.085, 0.037]
[-0.085, 0.037]
[0.025, -0.025]
[0.025, -0.025]
[-0.025, 0.025]
[0.0, 0.048]
[-0.037, 0.085]
[0.012, 0.037]
[-0.025, 0.025]
[-0.037, 0.085]
[0.012, 0.037]
[0.012, -0.012]
[-0.025, 0.025]
[0.012, 0.085]
[0.012, 0.037]
[-0.025, 0.025]
[-0.037, 0.037]
[0.012, 0.085]
[0.012, 0.037]
[0.012, 0.037]
[0.012, 0.085]
[0.012, 0.037]
[-0.025, 0.075]
[-0.037, 0.037]
[0.0, 0.048]
[-0.012, 0.058]
[-0.012, 0.058]
[0.0, 0.048]
[-0.012, 0.105]
[0.035, 0.012]
[0.023, 0.023]
[0.068, 0.023]
[0.081, 0.012]
[0.035, 0.012]
[0.023, -0.023]
[0.068, -0.023]
[-0.023, 0.068]
[0.048, 0.048]
[0.023, 0.068]
[-0.012, 0.058]
[0.023, 0.023]
[0.0, 0.048]
[0.0, 0.048]
[0.0, 0.048]
[0.0, 0.048]
[-0.012, 0.012]
[-0.048, -0.048]
[0.0, 0.095]
[0.0, 0.0]
[0.0, 0.095]
[-0.058, 0.058]
[0.012, 0.037]
[-0.012, -0.035]
[0.0, 0.048]
[0.012, -0.012]
[0.0, 0.048]
[-0.012, 0.058]
[0.0, 0.048]
[0.048, 0.048]
[0.061, -0.061]
[0.048, 0.0]
[0.035, -0.035]
[0.048, 0.0]
[0.061, -0.012]
[0.095, 0.0]
[0.075, -0.025]
[0.095, -0.048]
[0.095, -0.048]
[0.048, 0.048]
[0.095, 0.0]
[0.048, 0.0]
[0.061, -0.012]
[0.061, -0.012]
[0.125, -0.025]
[0.048, -0.048]
[0.061, 0.085]
[0.035, 0.012]
[0.081, -0.035]
[0.081, 0.058]
[0.048, -0.048]
[0.061, 0.037]
[0.081, -0.035]
[0.048, 0.048]
[0.061, -0.012]
[0.095, 0.095]
[0.081, -0.035]
[0.061, -0.061]
[0.048, -0.048]
[0.048, -0.048]
[0.095, 0.048]
[0.048, 0.0]
[0.061, -0.012]
[0.095, 0.048]
[0.061, -0.012]
[0.048, 0.0]
[0.061, -0.012]
[0.081, 0.012]
[0.11, -0.012]
[0.061, 0.037]
[0.061, -0.012]
[0.048, 0.048]
[0.048, 0.0]
[-0.012, 0.105]
[0.0, 0.0]
[0.012, 0.037]
[-0.012, 0.105]
[0.0, 0.095]
[0.061, 0.037]
[0.048, 0.0]
[0.012, 0.037]
[0.035, 0.012]
[-0.012, 0.012]
[-0.012, 0.105]
[-0.012, 0.058]
[-0.012, 0.058]
[0.012, 0.037]
[-0.012, 0.058]
[0.0, 0.0]
[-0.048, 0.048]
[-0.012, 0.012]
[-0.048, 0.048]
[0.035, -0.035]
[-0.012, 0.058]
[-0.048, -0.048]
[-0.048, 0.048]
[0.0, -0.048]
[-0.012, -0.035]
[0.0, 0.0]
[0.035, 0.012]
[-0.012, 0.058]
[0.035, 0.058]
[0.0, 0.048]
[-0.012, 0.058]
[-0.012, 0.058]
[0.0, 0.048]
[-0.012, 0.058]
[-0.048, 0.0]
[0.0, 0.095]
[0.0, 0.048]
[0.0, 0.048]
[-0.012, 0.058]
[0.0, 0.048]
[-0.012, -0.035]
[-0.012, -0.035]
[0.012, -0.012]
[-0.023, 0.023]
[-0.012, 0.058]
[0.0, 0.0]
[-0.037, 0.037]
[0.0, 0.0]
[0.0, 0.048]
[0.0, 0.0]
[-0.048, 0.0]
[-0.012, -0.035]
[0.0, 0.048]
[-0.012, 0.058]
[-0.012, 0.012]
[-0.048, 0.0]
[-0.012, 0.058]
[-0.048, 0.095]
[0.0, 0.048]
[-0.012, 0.012]
[0.0, 0.0]
[0.035, 0.012]
[0.0, 0.0]
[0.0, 0.0]
[-0.012, 0.012]
[0.0, 0.0]
[0.035, 0.012]
[0.048, -0.048]
[0.0, 0.0]
[0.075, 0.025]
[0.048, 0.0]
[0.012, -0.012]
[0.0, 0.048]
[0.0, 0.0]
[0.012, -0.012]
[0.012, 0.037]
[0.061, 0.037]
[0.0, 0.095]
[0.0, 0.0]
[0.0, 0.048]
[0.061, -0.012]
[0.035, 0.012]
[0.048, 0.0]
[0.0, 0.095]
[0.0, 0.048]
[0.0, 0.048]
[0.0, 0.048]
[0.048, 0.0]
[0.0, 0.0]
[0.012, 0.037]
[0.0, 0.048]
[0.012, -0.012]
[0.0, 0.095]
[0.0, 0.048]
[0.0, 0.048]
[0.0, 0.048]
[0.035, 0.058]
[0.0, 0.048]
[0.0, 0.048]
[0.0, 0.048]
[0.0, 0.048]
[0.035, 0.058]
[0.0, 0.048]
[0.0, 0.048]
[0.012, 0.037]
[0.0, 0.048]
[0.012, -0.012]
[0.0, 0.0]
[0.0, 0.048]
[0.0, 0.095]
[0.0, 0.0]
[0.0, 0.0]
[0.0, 0.095]
[0.0, 0.048]
[0.035, 0.012]
[0.012, 0.037]
[0.0, 0.048]
[0.0, 0.048]
[0.0, 0.048]
[0.0, 0.048]
[0.0, 0.048]
[-0.012, 0.105]
[0.012, -0.012]
[-0.012, 0.058]
[0.0, 0.048]
[-0.012, 0.012]
[-0.037, 0.037]
[0.035, 0.058]
[0.0, 0.048]
[0.035, 0.012]
[0.035, 0.012]
[-0.012, 0.012]
[0.0, 0.048]
[0.0, 0.048]
[0.0, 0.095]
[0.035, 0.012]
[0.012, 0.037]
[0.0, 0.048]
[0.0, 0.048]
[0.035, 0.012]
[0.0, 0.0]
[-0.012, -0.035]
[0.012, 0.037]
[0.0, 0.048]
[-0.012, 0.012]
[0.0, 0.048]
[0.0, 0.048]
[0.035, 0.012]
[0.0, 0.0]
[0.0, 0.048]
[-0.012, -0.035]
[-0.012, 0.012]
[0.0, 0.048]
[0.012, -0.061]
[0.0, 0.048]
[0.0, 0.048]
[0.0, 0.0]
[0.012, -0.061]
[0.0, -0.048]
[0.0, 0.0]
[0.035, 0.012]
[0.012, -0.012]
[0.0, 0.0]
[-0.012, 0.012]
[0.035, 0.012]
[0.035, 0.012]
[0.035, 0.058]
[0.0, -0.048]
[0.035, 0.058]
[0.012, 0.037]
[0.0, 0.048]
[-0.048, -0.048]
[0.035, 0.012]
[0.0, 0.048]
[0.012, 0.037]
[0.0, 0.048]
[-0.012, 0.058]
[-0.012, 0.012]
[0.035, 0.012]
[0.0, 0.048]
[0.0, 0.048]
[0.0, 0.048]
[0.048, -0.048]
[0.0, 0.048]
[0.012, 0.037]
[0.035, 0.058]
[-0.012, 0.058]
[0.0, 0.048]
[0.012, -0.012]
[0.0, -0.048]
[0.035, 0.012]
[0.0, 0.0]
[0.012, -0.012]
[0.0, 0.095]
[0.0, 0.048]
[0.0, 0.048]
[-0.048, 0.048]
[-0.037, 0.085]
[0.0, 0.048]
[0.012, 0.037]
[-0.048, 0.095]
[-0.048, 0.095]
[0.0, 0.0]
[-0.048, 0.048]
[0.0, 0.048]
[0.0, 0.048]
[0.012, 0.085]
[0.012, -0.012]
[0.0, 0.0]
[0.0, 0.048]
[-0.012, 0.012]
[-0.037, 0.037]
[0.0, 0.048]
[0.012, 0.037]
[0.012, 0.037]
[0.0, 0.0]
[-0.048, 0.048]
[0.0, 0.0]
[-0.048, 0.0]
[-0.012, 0.058]
[0.0, 0.048]
[0.0, 0.048]
[-0.048, 0.048]
[-0.048, 0.048]
[-0.048, 0.095]
[0.035, 0.105]
[0.0, 0.048]
[-0.012, 0.058]
[-0.012, 0.105]
[0.012, 0.085]
[-0.012, 0.058]
[0.0, 0.095]
[-0.012, 0.105]
[0.095, 0.048]
[-0.058, 0.058]
[-0.012, 0.058]
[-0.012, 0.058]
[-0.048, 0.048]
[-0.037, 0.085]
[-0.048, 0.095]
[-0.012, 0.105]
[0.0, 0.048]
[-0.023, 0.023]
[-0.048, 0.048]
[-0.048, 0.095]
[-0.012, 0.058]
[-0.048, 0.048]
[0.0, 0.048]
[0.0, 0.095]
[0.0, 0.048]
[-0.012, 0.058]
[-0.012, 0.058]
[-0.012, 0.058]
[-0.058, 0.058]
[0.0, 0.095]
[-0.023, 0.068]
[-0.012, 0.105]
[-0.023, 0.068]
[-0.023, 0.114]
[-0.012, 0.058]
[-0.023, 0.068]
[-0.058, 0.058]
[-0.058, 0.012]
[-0.058, 0.058]
[-0.058, 0.058]
[-0.023, 0.068]
[-0.048, 0.048]
[-0.012, 0.058]
[-0.068, 0.068]
[-0.058, 0.058]
[-0.012, 0.058]
[-0.068, 0.068]
[-0.048, 0.048]
[-0.048, 0.095]
[-0.012, 0.058]
[-0.068, 0.114]
[-0.012, 0.058]
[-0.048, 0.048]
[-0.058, 0.058]
[-0.048, 0.048]
[-0.048, 0.095]
[-0.012, 0.058]
[-0.058, 0.058]
[-0.012, 0.058]
[-0.048, 0.095]
[-0.023, 0.114]
[0.0, 0.048]
[-0.023, 0.023]
[-0.012, 0.012]
[-0.023, 0.023]
[-0.012, 0.105]
[-0.048, 0.048]
[-0.048, 0.048]
[-0.058, 0.058]
[-0.012, 0.105]
[-0.023, 0.068]
[-0.012, 0.058]
[-0.068, 0.114]
[-0.058, 0.012]
[-0.058, 0.058]
[-0.058, 0.058]
[-0.012, 0.105]
[-0.012, 0.105]
[-0.048, 0.048]
[-0.048, 0.048]
[-0.058, 0.012]
[-0.048, 0.048]
[-0.012, 0.058]
[-0.012, 0.058]
[-0.048, 0.048]
[-0.012, 0.058]
[0.0, 0.095]
[0.0, 0.048]
[-0.048, 0.048]
[-0.012, 0.058]
[-0.048, 0.095]
[-0.023, 0.023]
[-0.058, 0.058]
[-0.012, 0.058]
[-0.012, 0.012]
[-0.012, 0.058]
[-0.058, 0.058]
[-0.012, 0.105]
[-0.048, 0.095]
[-0.012, 0.058]
[0.0, 0.095]
[0.0, 0.095]
[-0.058, 0.058]
[-0.048, 0.048]
[-0.048, 0.095]
[-0.048, 0.095]
[-0.012, 0.058]
[0.068, 0.023]
[-0.058, 0.058]
[-0.048, 0.048]
[-0.058, 0.058]
[-0.012, 0.058]
[-0.012, 0.058]
[-0.033, 0.078]
[-0.048, 0.095]
[-0.012, 0.058]
[-0.012, 0.058]
[-0.012, 0.058]
[-0.012, 0.058]
[-0.023, 0.068]
[-0.012, 0.105]
[-0.068, 0.068]
[-0.023, 0.068]
[-0.012, 0.105]
[-0.023, 0.068]
[-0.068, 0.068]
[-0.033, 0.078]
[-0.023, 0.068]
[-0.023, 0.114]
[0.0, 0.095]
[-0.012, 0.105]
[-0.023, 0.068]
[-0.048, 0.048]
[-0.012, 0.058]
[-0.012, 0.105]
[-0.012, 0.105]
[-0.023, 0.068]
[-0.012, 0.058]
[-0.023, 0.114]
[-0.012, 0.105]
[-0.058, 0.012]
[-0.068, 0.023]
[-0.023, 0.023]
[-0.058, 0.105]
[-0.012, 0.058]
[-0.012, 0.105]
[0.035, 0.058]
[0.048, 0.095]
[0.0, 0.095]
[0.023, 0.023]
[0.035, 0.012]
[0.035, 0.058]
[0.035, 0.012]
[0.023, 0.023]
[0.035, 0.012]
[0.035, 0.012]
[0.035, 0.012]
[0.081, 0.012]
[0.035, 0.012]
[0.081, 0.012]
[0.023, 0.068]
[0.081, 0.012]
[-0.048, 0.0]
[0.048, 0.048]
[0.048, 0.095]
[0.048, 0.0]
[0.081, 0.058]
[0.048, 0.048]
[0.081, 0.058]
[0.068, 0.023]
[0.081, 0.058]
[0.081, 0.058]
[0.11, 0.037]
[0.095, 0.048]
[0.035, 0.012]
[0.128, 0.012]
[0.048, 0.048]
[0.035, 0.012]
[0.048, 0.0]
[0.048, 0.0]
[0.035, 0.012]
[0.081, 0.105]
[0.035, 0.058]
[0.023, 0.114]
[0.081, 0.012]
[0.061, 0.037]
[0.035, 0.012]
[0.0, 0.0]
[0.035, 0.012]
[0.081, 0.058]
[0.068, 0.023]
[0.081, 0.012]
[0.095, 0.048]
[0.081, 0.105]
[0.035, 0.058]
[0.081, 0.058]
[0.048, 0.095]
[0.095, 0.048]
[0.048, 0.0]
