[0.267, 0.0]
[0.2, 0.0]
[0.133, 0.0]
[0.242, 0.016]
[0.048, 0.016]
[0.113, 0.016]
[0.048, 0.016]
[0.076, 0.045]
[0.1, 0.071]
[0.122, 0.095]
[0.122, 0.095]
[0.159, 0.114]
[0.159, 0.114]
[0.13, 0.087]
[0.13, 0.087]
[0.13, 0.043]
[0.217, 0.043]
[0.245, 0.053]
[0.229, 0.062]
[0.217, 0.043]
[0.217, 0.043]
[0.245, 0.053]
[0.217, 0.043]
[0.19, 0.095]
[0.205, 0.068]
[0.205, 0.068]
[0.205, 0.068]
[0.174, 0.105]
[0.221, 0.058]
[0.221, 0.058]
[0.221, 0.012]
[0.233, 0.078]
[0.221, 0.058]
[0.159, 0.023]
[0.267, 0.058]
[-0.033, 0.078]
[-0.012, 0.058]
[-0.043, 0.0]
[-0.043, 0.043]
[-0.011, 0.053]
[-0.011, 0.053]
[0.0, 0.087]
[-0.104, -0.062]
[0.0, 0.043]
[-0.021, 0.021]
[-0.021, 0.104]
[0.0, 0.087]
[-0.011, 0.138]
[0.051, 0.112]
[0.062, 0.062]
[0.021, 0.104]
[0.01, 0.153]
[0.01, 0.153]
[-0.087, 0.13]
[-0.021, 0.146]
[0.01, 0.112]
[0.032, 0.096]
[0.032, 0.138]
[0.021, 0.146]
[0.01, 0.112]
[-0.062, 0.062]
[-0.087, 0.13]
[-0.087, 0.087]
[-0.043, 0.087]
[-0.087, 0.174]
[-0.033, 0.078]
[-0.023, 0.114]
[-0.068, 0.114]
[-0.068, 0.114]
[-0.058, 0.105]
[-0.105, 0.198]
[-0.012, 0.151]
[-0.012, 0.198]
[-0.058, 0.151]
[-0.048, 0.143]
[-0.037, 0.183]
[0.025, 0.225]
[0.038, 0.115]
[-0.064, 0.167]
[0.038, 0.167]
[-0.053, 0.158]
[-0.013, 0.167]
[-0.013, 0.167]
[-0.064, 0.167]
[-0.013, 0.167]
[-0.013, 0.218]
[0.038, 0.167]
[0.125, 0.125]
[0.075, 0.125]
[0.012, 0.085]
[0.158, 0.105]
[-0.025, 0.225]
[-0.013, 0.115]
[-0.025, 0.225]
[-0.025, 0.075]
[-0.075, 0.125]
[0.025, 0.125]
[0.141, 0.167]
[0.125, 0.025]
[0.075, 0.175]
[0.125, 0.125]
[0.075, 0.175]
[0.125, 0.125]
[0.075, 0.075]
[0.125, 0.175]
[0.061, 0.134]
[0.075, 0.175]
