[0.176, 0.041]
[0.139, 0.028]
[0.214, 0.014]
[0.157, 0.014]
[0.157, -0.043]
[0.176, 0.0]
[0.197, -0.015]
[0.157, 0.014]
[0.176, 0.0]
[0.176, 0.0]
[0.176, -0.059]
[0.176, 0.0]
[0.157, 0.014]
[0.194, -0.028]
[0.211, 0.053]
[0.158, 0.0]
[0.211, 0.0]
[0.122, -0.014]
[0.139, -0.028]
[0.258, -0.015]
[0.179, -0.036]
[0.177, 0.016]
[0.133, 0.0]
[0.281, 0.031]
[0.23, -0.068]
[0.194, -0.028]
[0.176, 0.0]
[0.136, -0.015]
[0.136, -0.015]
[0.219, -0.031]
[0.219, -0.031]
[0.219, -0.031]
[0.219, -0.031]
[0.242, -0.048]
[0.176, 0.0]
[0.219, -0.094]
[0.2, -0.067]
[0.156, 0.031]
