[0.075, 0.075]
[0.061, 0.085]
[0.061, 0.085]
[0.012, 0.037]
[0.025, 0.025]
[0.025, 0.025]
[0.075, -0.025]
[0.061, -0.012]
[0.053, 0.053]
[0.025, -0.025]
[0.038, 0.064]
[0.122, -0.014]
[0.118, -0.059]
[0.118, -0.059]
[0.176, 0.059]
[0.157, 0.014]
[0.139, -0.028]
[0.157, -0.043]
[0.1, 0.014]
[0.139, -0.028]
[0.043, 0.014]
[0.083, -0.083]
[0.1, 0.014]
[0.09, 0.218]
[0.053, 0.211]
[0.09, 0.115]
[0.068, 0.095]
[0.068, 0.095]
[0.053, 0.0]
[0.068, -0.068]
[0.028, -0.028]
[0.059, -0.059]
[0.059, 0.0]
[0.094, -0.094]
[0.015, 0.045]
[0.043, 0.014]
[0.028, 0.028]
[0.028, -0.028]
[0.068, -0.014]
[0.068, -0.014]
[0.068, -0.014]
[0.053, 0.053]
[0.122, 0.041]
[0.105, 0.0]
[0.105, 0.053]
[0.105, 0.0]
[0.053, 0.0]
[0.09, 0.013]
[0.09, 0.064]
[0.09, 0.064]
[0.09, 0.064]
[0.09, 0.064]
[0.09, 0.013]
[0.141, -0.038]
[0.141, 0.013]
[0.192, 0.013]
[0.105, 0.0]
[0.105, 0.0]
[0.105, 0.0]
[0.076, -0.015]
[0.0, 0.067]
[0.017, 0.121]
[0.086, 0.121]
[0.086, 0.121]
[0.017, 0.19]
[0.0, 0.133]
[-0.016, 0.016]
[0.086, 0.052]
[0.155, 0.121]
[0.156, 0.031]
[0.094, 0.031]
[0.118, 0.059]
[0.076, 0.045]
[0.059, 0.118]
[0.048, 0.081]
[0.133, 0.2]
[0.113, -0.048]
[0.048, 0.081]
[0.048, 0.21]
[0.113, 0.145]
[0.048, 0.145]
[-0.031, 0.094]
[0.076, 0.106]
[0.059, 0.118]
[0.059, 0.059]
[0.043, 0.014]
[0.068, -0.014]
[0.083, 0.083]
[0.083, 0.028]
[0.028, 0.028]
[0.028, -0.028]
[0.083, 0.028]
[0.043, 0.014]
[0.118, 0.0]
[0.1, -0.043]
[0.1, -0.043]
[0.1, 0.071]
[0.043, 0.014]
[0.1, -0.043]
[0.043, 0.014]
[0.083, -0.028]
[0.043, 0.014]
[0.043, 0.014]
[0.1, -0.043]
[0.139, 0.028]
[0.1, 0.014]
[0.1, -0.043]
[0.157, -0.043]
[0.1, -0.043]
[0.043, -0.043]
[0.118, -0.059]
[0.1, -0.043]
[0.157, 0.014]
[0.1, -0.043]
[0.1, -0.043]
[0.139, -0.028]
[0.157, -0.043]
[0.1, 0.014]
[0.1, 0.014]
[0.157, 0.014]
[0.1, -0.043]
[0.1, -0.043]
[0.1, 0.014]
[0.1, -0.043]
[0.043, 0.014]
[0.043, -0.043]
[0.059, -0.059]
[0.059, 0.0]
[0.0, 0.0]
[-0.014, 0.014]
[0.028, -0.028]
[0.043, -0.043]
[-0.014, 0.014]
[0.043, -0.043]
[0.043, 0.014]
[0.059, 0.0]
[0.043, 0.014]
[0.043, 0.014]
[0.059, 0.0]
[0.1, -0.043]
[0.083, -0.028]
[0.1, 0.014]
[0.059, 0.0]
[0.1, -0.043]
[0.1, 0.014]
[0.1, 0.014]
[0.1, 0.014]
[0.1, 0.014]
[0.1, 0.014]
[0.1, 0.014]
[0.1, -0.043]
[0.118, 0.0]
[0.118, 0.059]
[0.118, 0.0]
[0.118, 0.0]
