[0.081, 0.105]
[0.128, 0.105]
[0.095, 0.095]
[0.061, 0.037]
[0.048, 0.095]
[0.048, 0.095]
[0.048, 0.0]
[0.081, 0.058]
[0.035, 0.151]
[0.048, 0.095]
[0.035, 0.105]
[0.048, 0.048]
[0.143, 0.048]
[0.125, 0.025]
[0.11, 0.037]
[0.09, 0.064]
[0.075, 0.025]
[0.075, 0.075]
[0.075, 0.075]
[0.075, 0.025]
[0.075, 0.125]
[0.11, 0.037]
[0.075, 0.075]
[0.11, 0.037]
[0.11, 0.085]
[0.11, 0.037]
[0.11, -0.061]
[0.159, -0.012]
[0.056, 0.211]
[0.023, 0.205]
[0.023, 0.114]
[0.068, 0.068]
[0.048, 0.095]
[0.048, 0.095]
[0.081, 0.105]
[0.048, 0.048]
[0.0, 0.048]
[0.012, 0.037]
[0.025, 0.075]
[0.075, 0.075]
[0.025, 0.075]
[0.038, 0.064]
[0.025, 0.075]
[0.025, 0.075]
[0.025, 0.075]
[0.025, 0.075]
[0.061, 0.037]
[0.075, 0.075]
[0.09, 0.115]
[0.075, 0.075]
[0.075, 0.125]
[0.075, 0.075]
[0.025, 0.075]
[0.025, 0.075]
[0.075, 0.075]
[0.061, 0.085]
[0.061, 0.085]
[0.012, 0.085]
[0.075, 0.075]
[0.075, 0.075]
[0.207, -0.012]
[0.159, 0.085]
[0.159, 0.085]
[0.143, 0.095]
[0.159, 0.085]
[0.09, 0.115]
[0.038, 0.115]
[0.0, 0.105]
[0.038, 0.064]
[0.0, 0.105]
[0.0, 0.105]
[0.0, 0.105]
[0.038, 0.115]
[0.053, 0.105]
[0.038, 0.115]
[0.025, 0.075]
[0.038, 0.115]
[0.012, 0.085]
[-0.025, 0.125]
[0.0, 0.105]
[0.025, 0.125]
[0.012, 0.085]
[0.012, 0.037]
[0.012, 0.085]
[0.012, 0.085]
[0.061, 0.085]
[0.012, 0.085]
[0.0, 0.048]
[0.012, 0.085]
[0.012, 0.085]
[0.075, 0.075]
[0.075, 0.075]
[0.11, 0.037]
[0.048, 0.095]
[0.061, 0.085]
[0.061, 0.085]
[0.012, 0.085]
[0.012, 0.085]
[0.048, 0.095]
[0.012, 0.085]
[0.025, 0.075]
[0.012, 0.085]
[0.061, 0.085]
[0.11, 0.037]
[0.095, 0.048]
[0.061, 0.037]
[0.061, 0.037]
[0.075, 0.025]
[0.048, 0.048]
[0.061, 0.037]
[0.061, 0.037]
[0.075, 0.075]
[0.075, 0.025]
[0.075, 0.025]
[0.11, 0.037]
[0.075, 0.025]
[0.061, 0.037]
[0.061, 0.037]
[0.061, 0.085]
[0.061, 0.037]
[0.11, 0.037]
[0.048, 0.095]
[0.061, 0.037]
[0.012, 0.037]
[0.012, 0.037]
[0.012, 0.085]
[0.048, 0.048]
[0.048, 0.048]
[0.012, 0.085]
[0.0, 0.048]
[0.0, 0.095]
[0.012, 0.085]
[-0.025, 0.075]
[0.012, 0.085]
[0.012, 0.085]
[0.012, 0.134]
[0.012, 0.085]
[0.095, 0.048]
[0.075, 0.025]
[0.061, 0.037]
[0.075, 0.075]
[0.11, 0.037]
[0.095, 0.048]
[0.095, 0.048]
[0.061, 0.085]
[0.11, 0.085]
[0.095, 0.048]
[0.095, 0.048]
[0.061, 0.085]
[0.075, 0.025]
[0.11, 0.085]
[0.125, 0.025]
