[-0.043, 0.13]
[-0.033, 0.122]
[-0.011, 0.138]
[-0.021, 0.104]
[-0.011, 0.138]
[0.021, 0.104]
[-0.021, 0.104]
[-0.011, 0.096]
[-0.011, 0.096]
[-0.011, 0.096]
[-0.043, 0.087]
[0.0, 0.087]
[-0.043, 0.087]
[-0.011, 0.096]
[0.087, 0.13]
[0.032, 0.096]
[0.074, 0.096]
[0.043, 0.13]
[0.074, 0.096]
[0.074, 0.096]
[0.062, 0.104]
[0.032, 0.096]
[0.032, 0.096]
[0.032, 0.096]
[0.0, 0.13]
[0.032, 0.181]
[0.021, 0.062]
[0.032, 0.053]
[0.032, 0.096]
[0.0, 0.087]
[0.032, 0.053]
[0.032, 0.053]
[0.074, 0.053]
[0.074, 0.053]
[0.043, 0.043]
[0.056, 0.078]
[0.074, 0.053]
[0.074, 0.053]
[0.087, 0.087]
[0.043, 0.043]
[-0.043, 0.087]
[-0.011, 0.096]
[0.0, 0.174]
[0.0, 0.13]
[0.0, 0.13]
[-0.043, 0.043]
[-0.033, 0.078]
[-0.033, 0.078]
[-0.068, 0.114]
[-0.043, 0.043]
[-0.033, 0.078]
[-0.033, 0.122]
[-0.043, 0.087]
[-0.033, 0.167]
[-0.043, 0.13]
[-0.043, 0.043]
[-0.033, 0.167]
[0.011, 0.078]
[-0.033, 0.122]
[-0.023, 0.159]
[0.011, 0.122]
[-0.023, 0.114]
[-0.023, 0.114]
[0.011, 0.167]
[-0.043, 0.13]
[-0.033, 0.078]
[0.011, 0.122]
[0.114, 0.068]
[0.087, 0.13]
[0.1, 0.078]
[0.13, 0.043]
[0.1, 0.078]
[0.087, 0.13]
[0.087, 0.087]
[0.087, 0.043]
[0.011, 0.122]
[0.011, 0.033]
[0.0, 0.13]
[0.0, 0.043]
[0.0, 0.13]
[0.0, 0.13]
[-0.033, 0.122]
[-0.043, 0.13]
[-0.043, 0.13]
[0.0, 0.13]
[-0.043, 0.13]
[0.043, 0.13]
[-0.043, 0.043]
[0.0, 0.13]
[-0.033, 0.167]
[-0.033, 0.122]
[0.0, 0.13]
[-0.043, 0.087]
[0.0, 0.174]
[-0.043, 0.043]
[0.0, 0.13]
[0.0, 0.087]
[0.043, 0.174]
[0.043, 0.13]
[-0.058, 0.058]
[-0.023, 0.159]
[-0.033, 0.033]
[0.011, 0.122]
[0.011, 0.122]
[-0.023, 0.114]
[-0.012, 0.105]
[-0.033, 0.122]
[0.011, 0.122]
[-0.033, 0.122]
[-0.043, 0.043]
[-0.033, 0.122]
[-0.023, 0.068]
[-0.033, 0.122]
[-0.043, 0.13]
[-0.078, 0.122]
[-0.078, 0.122]
[-0.078, 0.122]
[-0.033, 0.122]
[-0.043, 0.13]
[-0.043, 0.087]
[-0.033, 0.167]
[-0.033, 0.078]
[0.011, 0.122]
[0.011, 0.078]
[0.0, 0.13]
[-0.033, 0.122]
[-0.011, 0.138]
[0.0, 0.174]
[0.0, 0.043]
[0.0, 0.13]
[-0.043, 0.13]
[0.0, 0.13]
[0.0, 0.13]
[-0.033, 0.167]
[-0.043, 0.174]
[-0.043, 0.13]
[0.0, 0.174]
[-0.011, 0.181]
[0.0, 0.174]
[-0.011, 0.181]
[-0.011, 0.181]
[-0.011, 0.138]
[-0.033, 0.122]
[0.0, 0.174]
[-0.033, 0.122]
[0.0, 0.13]
[-0.043, 0.174]
[0.032, 0.181]
[-0.011, 0.181]
[-0.043, 0.13]
[0.0, 0.13]
[0.032, 0.138]
[0.0, 0.174]
[0.043, 0.13]
[0.043, 0.087]
[0.0, 0.13]
[0.087, 0.0]
[0.032, 0.053]
[0.043, 0.13]
[0.043, 0.13]
[0.087, 0.13]
[0.043, 0.13]
[0.043, 0.13]
[-0.033, 0.122]
[-0.033, 0.167]
[-0.033, 0.167]
[-0.023, 0.159]
[-0.023, 0.159]
[-0.033, 0.167]
[0.011, 0.167]
[-0.033, 0.211]
[-0.023, 0.159]
[0.011, 0.167]
[-0.033, 0.167]
[0.011, 0.122]
[0.114, 0.114]
[0.056, 0.078]
[0.1, 0.167]
[0.1, 0.122]
[0.114, 0.068]
[0.1, 0.122]
[0.1, 0.167]
[0.128, 0.151]
[0.087, 0.087]
[0.1, 0.167]
[0.144, 0.122]
[0.114, 0.159]
[0.117, 0.096]
[0.114, 0.159]
[0.128, 0.151]
[0.144, 0.078]
[0.068, 0.068]
[0.114, 0.114]
[-0.068, 0.068]
[-0.023, 0.159]
[-0.023, 0.159]
[0.205, 0.023]
[0.478, 0.217]
[0.304, 0.087]
[0.411, 0.122]
[0.411, 0.033]
[0.411, 0.033]
[0.278, 0.078]
[0.1, 0.122]
[0.011, 0.122]
[0.035, 0.151]
[0.043, 0.13]
[0.068, 0.114]
[0.1, 0.078]
[0.1, 0.078]
[0.056, 0.078]
[0.056, 0.078]
[0.068, 0.068]
[0.189, 0.078]
[0.367, 0.078]
[0.205, 0.023]
[0.081, 0.012]
[0.114, 0.023]
[0.1, 0.078]
[0.114, 0.159]
[0.144, 0.033]
[0.1, 0.033]
[0.114, 0.068]
[0.1, 0.078]
[0.056, 0.078]
[0.011, 0.078]
[-0.023, 0.159]
[-0.033, 0.122]
[-0.033, 0.122]
[-0.068, 0.159]
[-0.167, 0.033]
[-0.174, 0.13]
[-0.211, 0.033]
[-0.167, 0.078]
[-0.068, 0.159]
[0.011, 0.167]
[-0.023, 0.159]
[0.023, 0.159]
[-0.033, 0.167]
[0.011, 0.167]
[-0.023, 0.159]
[0.0, 0.174]
[-0.023, 0.114]
[0.023, 0.159]
[-0.023, 0.159]
[-0.023, 0.159]
[0.081, 0.105]
[0.25, 0.023]
[0.348, 0.13]
[0.304, 0.087]
[0.056, 0.122]
[-0.023, 0.159]
[0.011, 0.122]
[-0.023, 0.114]
[-0.023, 0.159]
[0.0, 0.13]
[-0.033, 0.167]
[0.011, 0.033]
[0.0, 0.087]
[0.0, 0.13]
[0.068, 0.114]
[0.128, 0.058]
[0.261, 0.13]
[0.068, 0.023]
[-0.033, 0.078]
[-0.033, 0.078]
[-0.033, 0.078]
[-0.011, 0.096]
[-0.033, 0.122]
[-0.023, -0.023]
[0.0, 0.13]
[-0.023, 0.068]
[-0.033, 0.033]
[-0.033, 0.033]
[0.011, 0.033]
[0.011, 0.078]
[-0.105, 0.151]
[-0.033, 0.078]
[-0.068, 0.114]
[0.0, 0.095]
[-0.058, 0.058]
[-0.068, 0.159]
[-0.058, 0.151]
[-0.033, 0.167]
[-0.012, 0.151]
[0.011, 0.122]
[-0.012, 0.105]
[0.0, 0.048]
[0.095, 0.095]
[0.035, 0.058]
[0.081, 0.058]
[0.048, 0.143]
[0.0, 0.095]
[-0.012, 0.151]
[0.0, 0.095]
[0.0, 0.095]
[-0.105, 0.012]
[0.0, 0.095]
[0.0, 0.143]
[0.0, 0.143]
[-0.058, 0.105]
[-0.048, 0.143]
[-0.048, 0.143]
[-0.012, 0.151]
[-0.012, 0.198]
[-0.048, 0.095]
[-0.012, 0.058]
[-0.012, 0.151]
[-0.023, 0.159]
[-0.048, 0.19]
[-0.012, 0.198]
[0.0, 0.19]
[-0.012, 0.198]
[-0.048, 0.19]
[-0.012, 0.198]
[-0.012, 0.198]
[0.095, 0.143]
[0.081, 0.105]
[0.061, 0.134]
[0.075, 0.075]
[0.061, 0.085]
[0.048, 0.095]
[0.095, 0.143]
[0.095, 0.095]
[0.048, 0.095]
[0.048, 0.143]
[0.035, 0.105]
[0.048, 0.095]
[0.068, 0.159]
[0.081, 0.105]
[0.081, 0.105]
[0.081, 0.151]
[0.061, 0.134]
[0.048, 0.143]
[0.095, 0.143]
[0.061, 0.134]
[0.048, 0.143]
[0.0, 0.143]
[0.0, 0.143]
[-0.058, 0.151]
[-0.058, 0.151]
[-0.048, 0.143]
[-0.012, 0.151]
[-0.012, 0.151]
[-0.012, 0.151]
[-0.058, 0.151]
[-0.048, 0.143]
[-0.012, 0.105]
[-0.058, 0.151]
[-0.068, 0.114]
[-0.058, 0.151]
[-0.058, 0.151]
[-0.048, 0.143]
[-0.023, 0.159]
[-0.058, 0.151]
[-0.012, 0.151]
[-0.023, 0.159]
[-0.023, 0.159]
[-0.023, 0.159]
[-0.058, 0.198]
[-0.068, 0.114]
[-0.058, 0.151]
[-0.068, 0.068]
[-0.058, 0.151]
[-0.068, 0.159]
[-0.012, 0.058]
[-0.012, 0.151]
[-0.023, 0.159]
[-0.023, 0.159]
[-0.023, 0.159]
[-0.023, 0.159]
[-0.068, 0.159]
[0.011, 0.122]
[-0.023, 0.159]
[-0.043, 0.13]
[-0.023, 0.159]
[-0.033, 0.167]
[-0.011, 0.181]
[0.0, 0.174]
[0.011, 0.167]
[-0.033, 0.167]
[0.0, 0.13]
[-0.011, 0.181]
[0.0, 0.174]
[0.032, 0.223]
[0.0, 0.174]
[0.0, 0.174]
[0.011, 0.167]
[0.068, 0.205]
[0.056, 0.122]
[0.087, 0.087]
[0.011, 0.122]
[0.043, 0.13]
[0.087, 0.043]
[0.0, 0.043]
[0.087, 0.087]
[0.011, -0.056]
[0.068, 0.114]
[0.011, 0.033]
[0.032, 0.138]
[0.074, 0.096]
[0.1, 0.033]
[0.011, 0.078]
[-0.011, 0.053]
[0.0, 0.087]
[0.011, 0.078]
[-0.033, 0.078]
[-0.023, 0.068]
[0.0, 0.043]
[0.0, 0.087]
[0.011, 0.078]
[-0.023, 0.068]
[0.043, 0.0]
[-0.043, 0.043]
[-0.043, 0.087]
[-0.053, 0.096]
[-0.053, 0.011]
[-0.043, 0.087]
[0.0, 0.043]
[-0.033, 0.033]
[-0.078, 0.033]
[-0.043, 0.087]
[0.0, 0.0]
[-0.078, 0.033]
[-0.043, 0.087]
[-0.033, 0.078]
[-0.043, 0.043]
[-0.043, -0.043]
[-0.053, 0.053]
[-0.033, 0.078]
[-0.078, 0.033]
[-0.043, 0.087]
[-0.078, 0.033]
[-0.087, 0.043]
[-0.043, 0.043]
[-0.043, 0.087]
[-0.043, -0.043]
[-0.087, 0.043]
[-0.053, 0.011]
[-0.033, 0.033]
[-0.023, 0.159]
[0.0, 0.174]
[-0.033, 0.078]
[-0.023, 0.159]
[-0.043, 0.174]
[-0.033, 0.167]
[0.023, 0.159]
[0.011, 0.211]
[0.011, 0.167]
[0.011, 0.167]
[0.011, 0.167]
[-0.023, 0.159]
[0.011, 0.167]
[-0.023, 0.205]
[0.011, 0.167]
[-0.033, 0.167]
[0.056, 0.211]
[0.068, 0.114]
[0.081, 0.058]
[0.1, 0.167]
[0.081, 0.198]
[0.056, 0.122]
[0.1, 0.167]
[0.068, 0.114]
[0.068, 0.205]
[0.068, 0.114]
[0.068, 0.068]
[0.087, 0.13]
[0.048, 0.095]
[-0.114, 0.341]
[-0.068, 0.341]
[-0.023, 0.159]
[-0.023, 0.159]
[-0.114, 0.341]
[-0.023, 0.159]
[-0.068, 0.341]
[-0.068, 0.114]
[-0.012, 0.058]
[-0.068, 0.159]
[-0.058, 0.151]
[-0.023, 0.068]
[-0.023, 0.114]
[-0.033, 0.167]
[-0.023, 0.114]
[0.035, 0.105]
[0.159, 0.068]
[0.068, 0.114]
[0.023, 0.114]
[0.035, 0.105]
[0.068, 0.114]
[0.081, 0.105]
[0.068, 0.114]
[0.068, 0.114]
[-0.023, 0.159]
[-0.033, 0.167]
[0.011, 0.167]
[-0.033, 0.167]
[0.011, 0.167]
[-0.023, 0.205]
[-0.033, 0.167]
[-0.033, 0.167]
[-0.023, 0.159]
[-0.058, 0.151]
[-0.068, 0.159]
[-0.058, 0.105]
[-0.033, 0.167]
[-0.114, 0.341]
[-0.058, 0.151]
[-0.033, 0.167]
[-0.114, 0.159]
[-0.023, 0.159]
[-0.033, 0.167]
[-0.058, 0.198]
[-0.068, 0.159]
[-0.068, 0.159]
[-0.068, 0.159]
[-0.023, 0.159]
[-0.023, 0.159]
[-0.058, 0.151]
[-0.068, 0.114]
[-0.023, 0.159]
[-0.023, 0.159]
[-0.068, 0.159]
[-0.033, 0.167]
[-0.033, 0.167]
[0.011, 0.167]
[-0.033, 0.167]
[0.011, 0.167]
[-0.033, 0.167]
[-0.033, 0.078]
[-0.033, 0.122]
[-0.078, 0.167]
[-0.068, 0.159]
[-0.087, 0.174]
[-0.078, 0.122]
[-0.078, 0.167]
[-0.087, 0.174]
[-0.087, 0.13]
[-0.078, 0.122]
[-0.078, 0.167]
[-0.13, 0.174]
[-0.078, 0.167]
[-0.078, 0.167]
[-0.087, 0.174]
[-0.122, 0.122]
[-0.053, 0.138]
[-0.078, 0.167]
[-0.122, 0.122]
[-0.122, 0.122]
[-0.114, 0.023]
[-0.068, 0.114]
[-0.078, 0.122]
[-0.085, 0.037]
[-0.048, 0.095]
[-0.037, 0.085]
[0.0, 0.143]
[0.025, 0.125]
[-0.025, 0.125]
[0.0, 0.143]
[-0.037, 0.134]
[0.012, 0.134]
[0.012, 0.085]
[-0.037, 0.134]
[0.012, 0.134]
[-0.037, 0.134]
[-0.048, 0.143]
[0.0, 0.143]
[0.012, 0.085]
[0.061, 0.085]
[0.025, 0.125]
[0.075, 0.125]
[0.09, 0.115]
[0.025, 0.125]
[0.012, 0.085]
[0.012, 0.037]
[0.012, 0.183]
[0.048, 0.095]
[0.0, 0.095]
[0.0, 0.143]
[0.0, 0.143]
[-0.037, 0.134]
[0.0, 0.19]
[-0.012, 0.151]
[0.0, 0.143]
[0.0, 0.048]
[0.0, 0.143]
[0.0, 0.143]
[0.0, 0.048]
[-0.012, 0.151]
[0.0, 0.048]
[0.035, 0.058]
[0.0, 0.095]
[-0.037, 0.085]
[-0.012, 0.058]
[0.0, 0.095]
[0.061, 0.085]
[0.048, 0.095]
[0.048, 0.048]
[0.061, 0.134]
[0.095, 0.095]
[0.095, 0.095]
[0.075, 0.075]
[0.095, 0.095]
[0.048, 0.095]
[0.048, 0.095]
[0.095, 0.095]
[0.048, 0.095]
[0.061, 0.134]
[0.061, 0.037]
[0.061, 0.085]
[0.11, 0.085]
[0.095, 0.048]
[0.061, 0.134]
[0.048, 0.143]
[0.081, 0.105]
[0.048, 0.095]
[0.048, 0.143]
[0.061, 0.085]
[0.048, 0.095]
[0.095, 0.095]
[0.048, 0.143]
[0.061, 0.085]
[0.095, 0.143]
[0.081, 0.105]
[0.048, 0.095]
[0.081, 0.105]
[0.061, 0.085]
[0.061, 0.134]
[0.061, 0.085]
[0.061, 0.085]
[0.061, 0.085]
[0.061, 0.085]
[0.095, 0.095]
[0.061, 0.134]
[0.035, 0.151]
[0.075, 0.125]
[0.061, 0.085]
[0.075, 0.075]
[0.061, 0.134]
[0.095, 0.095]
[0.0, 0.143]
[0.0, 0.143]
[-0.012, 0.151]
[-0.048, 0.143]
[0.0, 0.095]
[0.0, 0.143]
[-0.037, 0.085]
[-0.048, 0.095]
[-0.012, 0.151]
[-0.012, 0.151]
[-0.048, 0.143]
[-0.048, 0.095]
[-0.048, 0.095]
[-0.048, 0.048]
[0.0, 0.095]
[0.0, 0.048]
[0.0, 0.048]
[-0.012, 0.058]
[-0.048, 0.048]
[0.035, 0.058]
[-0.048, 0.048]
[-0.048, 0.048]
[-0.048, 0.048]
[0.048, 0.095]
[-0.058, 0.151]
[0.0, 0.143]
[0.0, 0.143]
[0.0, 0.095]
[0.0, 0.143]
[0.0, 0.095]
[0.0, 0.095]
[-0.012, 0.151]
[0.0, 0.095]
[-0.037, 0.134]
[0.0, 0.143]
[-0.012, 0.151]
[-0.048, 0.143]
[-0.012, 0.151]
[-0.048, 0.143]
[0.012, 0.037]
[0.0, 0.143]
[-0.037, 0.037]
[-0.048, 0.143]
[-0.012, 0.151]
[0.0, 0.048]
[-0.048, 0.143]
[-0.012, 0.151]
[0.0, 0.143]
[0.0, 0.143]
[0.0, 0.048]
[-0.012, 0.105]
[0.0, 0.048]
[0.0, 0.095]
[-0.037, 0.134]
[-0.037, 0.085]
[0.0, 0.095]
[-0.037, 0.134]
[-0.012, 0.151]
[-0.037, 0.134]
[0.012, 0.134]
[-0.037, 0.085]
[-0.037, 0.134]
[-0.048, 0.095]
[-0.025, 0.125]
[-0.037, 0.085]
[-0.037, 0.085]
[-0.025, 0.125]
[0.012, 0.134]
[-0.025, 0.125]
[0.012, 0.134]
[-0.037, 0.134]
[0.012, 0.134]
[0.0, 0.095]
[0.0, 0.143]
[0.061, 0.134]
[0.025, 0.125]
[0.012, 0.037]
[0.0, 0.143]
[-0.025, 0.075]
[0.025, 0.075]
[-0.037, 0.134]
[-0.025, 0.075]
[-0.048, 0.143]
[0.012, 0.037]
[0.0, 0.143]
[-0.037, 0.134]
[0.0, 0.0]
[-0.085, 0.037]
[-0.037, 0.134]
[-0.012, 0.151]
[-0.037, 0.134]
[0.012, 0.134]
[-0.037, 0.134]
[0.0, 0.095]
[0.025, 0.125]
[0.048, 0.048]
[0.0, 0.143]
[0.048, 0.048]
[0.012, 0.134]
[0.012, 0.134]
[0.012, 0.134]
[0.012, 0.085]
[0.025, 0.125]
[-0.037, 0.085]
[0.0, 0.143]
[0.0, 0.143]
[-0.037, 0.085]
[0.012, 0.134]
[0.0, 0.143]
[0.0, 0.143]
[0.012, 0.134]
[0.012, 0.134]
[0.012, 0.037]
[0.012, 0.134]
[0.012, 0.085]
[-0.037, 0.134]
[0.048, 0.048]
[0.061, 0.085]
[0.025, 0.075]
[0.061, 0.037]
[0.0, 0.143]
[-0.025, 0.125]
[-0.037, 0.134]
[-0.037, 0.134]
[0.0, 0.143]
[0.0, 0.143]
[0.012, 0.134]
[0.025, 0.125]
[-0.037, 0.134]
[0.012, 0.085]
[-0.037, 0.085]
[0.048, 0.143]
[-0.037, 0.134]
[0.012, 0.134]
[-0.025, 0.025]
[0.0, 0.095]
[0.012, 0.134]
[0.025, 0.125]
[0.0, 0.143]
[-0.037, 0.037]
[0.048, 0.143]
[0.025, 0.075]
[0.012, 0.134]
[0.012, 0.134]
[-0.037, 0.037]
[-0.037, 0.037]
[-0.037, 0.134]
[0.0, 0.095]
[0.012, 0.134]
[0.0, 0.048]
[0.012, 0.134]
[0.012, 0.085]
[-0.037, 0.134]
[0.048, 0.143]
[0.012, 0.134]
[-0.037, 0.085]
[0.012, 0.134]
[0.012, 0.134]
[0.0, 0.143]
[0.025, 0.125]
[0.012, 0.134]
[-0.037, 0.037]
[0.012, 0.134]
[0.025, 0.125]
[0.025, 0.125]
[0.025, 0.175]
[-0.037, 0.037]
[0.012, 0.134]
[0.012, 0.134]
[0.025, 0.125]
[-0.037, 0.134]
[-0.025, 0.125]
[-0.037, 0.134]
[0.0, 0.143]
[-0.048, 0.095]
[-0.037, 0.134]
[0.0, 0.095]
[-0.037, 0.085]
[-0.025, 0.075]
[-0.037, 0.085]
[-0.037, 0.134]
[0.0, 0.048]
[-0.025, 0.025]
[-0.025, 0.125]
[-0.037, 0.134]
[-0.037, 0.085]
[-0.025, 0.125]
[-0.085, -0.012]
[-0.025, 0.125]
[-0.025, 0.125]
[0.012, 0.134]
[-0.037, 0.085]
[0.0, 0.095]
[-0.037, 0.085]
[-0.025, 0.125]
[0.0, 0.143]
[0.0, 0.143]
[-0.048, 0.143]
[0.0, 0.143]
[-0.048, 0.143]
[-0.037, 0.134]
[-0.048, 0.095]
[0.0, 0.143]
[-0.048, 0.143]
[-0.025, 0.125]
[-0.143, 0.048]
[-0.012, 0.151]
[-0.048, 0.143]
[-0.048, 0.143]
[-0.037, 0.183]
[-0.048, 0.143]
[-0.048, 0.143]
[-0.023, 0.159]
[-0.012, 0.151]
[-0.012, 0.151]
[-0.048, 0.143]
[0.0, 0.143]
[-0.012, 0.151]
[-0.012, 0.151]
[-0.012, 0.151]
[0.0, 0.143]
[0.035, 0.105]
[-0.048, 0.095]
[0.0, 0.143]
[-0.048, 0.143]
[0.0, 0.143]
[0.0, 0.143]
[0.0, 0.143]
[0.035, 0.151]
[-0.048, 0.143]
[-0.012, 0.151]
[0.0, 0.19]
[-0.012, 0.151]
[-0.048, 0.095]
[-0.095, 0.143]
[0.0, 0.143]
[-0.037, 0.183]
[-0.037, 0.183]
[-0.058, 0.151]
[-0.048, 0.143]
[-0.012, 0.151]
[-0.012, 0.151]
[-0.048, 0.143]
[-0.012, 0.151]
[-0.058, 0.151]
[-0.012, 0.151]
[-0.048, 0.19]
[0.0, 0.143]
[0.0, 0.143]
[0.0, 0.143]
[0.048, 0.095]
[-0.012, 0.151]
[0.0, 0.143]
[0.0, 0.143]
[-0.012, 0.151]
[-0.048, 0.143]
[-0.048, 0.143]
[-0.012, 0.151]
[-0.095, 0.048]
[-0.048, 0.143]
[-0.012, 0.151]
[-0.012, 0.151]
[-0.012, 0.151]
[0.0, 0.143]
[-0.048, 0.143]
[-0.037, 0.134]
[-0.023, 0.159]
[-0.023, 0.159]
[0.0, 0.143]
[0.0, 0.143]
[-0.048, 0.095]
[-0.048, 0.19]
[0.0, 0.143]
[-0.048, 0.143]
[-0.058, 0.151]
[-0.012, 0.151]
[-0.012, 0.151]
[0.0, 0.19]
[-0.012, 0.151]
[-0.023, 0.159]
[-0.058, 0.151]
[-0.023, 0.114]
[-0.058, 0.151]
[-0.068, 0.341]
[-0.012, 0.151]
[-0.023, 0.159]
[-0.023, 0.159]
[-0.058, 0.151]
[-0.023, 0.159]
[-0.012, 0.151]
[-0.012, 0.151]
[-0.023, 0.159]
[-0.023, 0.159]
[-0.012, 0.151]
[-0.023, 0.159]
[-0.012, 0.198]
[-0.012, 0.198]
[0.023, 0.159]
[-0.012, 0.198]
[-0.012, 0.198]
[0.035, 0.151]
[-0.012, 0.198]
[-0.012, 0.151]
[-0.058, 0.105]
[0.0, 0.143]
[-0.037, 0.183]
[-0.012, 0.151]
[0.0, 0.143]
[0.095, 0.143]
[0.128, 0.012]
[0.048, 0.143]
[0.081, 0.105]
[0.035, 0.105]
[0.081, 0.105]
[0.068, 0.068]
[0.081, 0.058]
[0.048, 0.095]
[0.081, 0.151]
[0.048, 0.143]
[0.081, 0.058]
[0.048, 0.143]
[0.095, 0.143]
[0.025, 0.125]
[0.048, 0.095]
[0.048, 0.095]
[0.035, 0.105]
[0.095, 0.095]
[0.061, 0.134]
[0.061, 0.134]
[0.081, 0.105]
[0.048, 0.095]
[0.035, 0.105]
[0.048, 0.095]
[0.095, 0.048]
[0.048, 0.143]
[0.081, 0.105]
[0.081, 0.058]
[0.095, 0.143]
[0.11, 0.134]
[0.061, 0.085]
[0.048, 0.095]
[0.035, 0.058]
[0.048, 0.095]
[0.095, 0.143]
[0.048, 0.095]
[0.035, 0.105]
[0.048, 0.095]
[0.012, 0.085]
[0.061, 0.085]
[0.061, 0.085]
[0.081, 0.105]
[0.048, 0.095]
[0.081, 0.058]
[0.048, 0.095]
[0.048, 0.143]
[0.048, 0.095]
[0.095, 0.095]
[0.11, 0.134]
[0.048, 0.095]
[0.143, 0.143]
[0.095, 0.048]
[0.061, 0.085]
